47.70080092032865, -122.28819323146743
47.70080092032865, -122.29034309542646
47.70080092032865, -122.2924929593855
47.70080092032865, -122.29464282334453
47.70080092032865, -122.29679268730357
47.70080092032865, -122.2989425512626
47.70080092032865, -122.30109241522163
47.70080092032865, -122.30324227918067
47.70080092032865, -122.3053921431397
47.70080092032865, -122.30754200709873
47.70080092032865, -122.30969187105777
47.70080092032865, -122.3118417350168
47.70080092032865, -122.31399159897583
47.70080092032865, -122.31614146293487
47.70080092032865, -122.3182913268939
47.70080092032865, -122.32044119085293
47.70080092032865, -122.32259105481197
47.70080092032865, -122.324740918771
47.70080092032865, -122.32689078273003
47.70080092032865, -122.32904064668907
47.70080092032865, -122.3311905106481
47.70080092032865, -122.33334037460713
47.70080092032865, -122.33549023856617
47.70080092032865, -122.3376401025252
47.70080092032865, -122.33978996648423
47.70080092032865, -122.34193983044327
47.70080092032865, -122.3440896944023
47.70080092032865, -122.34623955836133
47.70080092032865, -122.34838942232037
47.70080092032865, -122.3505392862794
47.70080092032865, -122.35268915023843
47.70080092032865, -122.35483901419747
47.70080092032865, -122.3569888781565
47.70080092032865, -122.35913874211553
47.70080092032865, -122.36128860607457
47.70080092032865, -122.3634384700336
47.70080092032865, -122.36558833399263
47.70080092032865, -122.36773819795167
47.70080092032865, -122.3698880619107
47.70080092032865, -122.37203792586973
47.70080092032865, -122.37418778982877
47.70080092032865, -122.3763376537878
47.70080092032865, -122.37848751774683
47.70080092032865, -122.38063738170587
47.70080092032865, -122.3827872456649
47.70080092032865, -122.38493710962393
47.70080092032865, -122.38708697358297
47.70080092032865, -122.389236837542
47.70080092032865, -122.39138670150103
47.70080092032865, -122.39353656546007
47.70080092032865, -122.3956864294191
47.70080092032865, -122.39783629337813
47.70080092032865, -122.39998615733717
47.70080092032865, -122.4021360212962
47.70080092032865, -122.40428588525523
47.70080092032865, -122.40643574921427
47.70080092032865, -122.4085856131733
47.70080092032865, -122.41073547713233
47.70080092032865, -122.41288534109137
47.70080092032865, -122.4150352050504
47.70080092032865, -122.41718506900943
47.70080092032865, -122.41933493296847
47.70080092032865, -122.4214847969275
47.70080092032865, -122.42363466088653
47.70080092032865, -122.42578452484557
47.70080092032865, -122.4279343888046
47.70080092032865, -122.43008425276363
47.70080092032865, -122.43223411672267
47.70080092032865, -122.4343839806817
47.70080092032865, -122.43653384464073
47.70080092032865, -122.43868370859977
47.70080092032865, -122.4408335725588
47.70080092032865, -122.44298343651784
47.70080092032865, -122.44513330047687
47.70080092032865, -122.4472831644359
47.70080092032865, -122.44943302839494
47.70080092032865, -122.45158289235397
47.70080092032865, -122.453732756313
47.70080092032865, -122.45588262027204
47.70080092032865, -122.45803248423107
47.70080092032865, -122.4601823481901
47.70080092032865, -122.46233221214914
47.70080092032865, -122.46448207610817
47.70080092032865, -122.4666319400672
47.70080092032865, -122.46878180402624
47.70080092032865, -122.47093166798527
47.70080092032865, -122.4730815319443
47.70080092032865, -122.47523139590334
47.70224778344767, -122.26239492362642
47.70224778344767, -122.26454484725284
47.70224778344767, -122.26669477087925
47.70224778344767, -122.26884469450567
47.70224778344767, -122.2709946181321
47.70224778344767, -122.27314454175851
47.70224778344767, -122.27529446538493
47.70224778344767, -122.27744438901135
47.70224778344767, -122.27959431263777
47.70224778344767, -122.28174423626419
47.70224778344767, -122.28389415989061
47.70224778344767, -122.28604408351703
47.70224778344767, -122.28819400714345
47.70224778344767, -122.29034393076986
47.70224778344767, -122.29249385439628
47.70224778344767, -122.2946437780227
47.70224778344767, -122.29679370164912
47.70224778344767, -122.29894362527554
47.70224778344767, -122.30109354890196
47.70224778344767, -122.30324347252838
47.70224778344767, -122.3053933961548
47.70224778344767, -122.30754331978122
47.70224778344767, -122.30969324340764
47.70224778344767, -122.31184316703406
47.70224778344767, -122.31399309066047
47.70224778344767, -122.3161430142869
47.70224778344767, -122.31829293791331
47.70224778344767, -122.32044286153973
47.70224778344767, -122.32259278516615
47.70224778344767, -122.32474270879257
47.70224778344767, -122.32689263241899
47.70224778344767, -122.32904255604541
47.70224778344767, -122.33119247967183
47.70224778344767, -122.33334240329825
47.70224778344767, -122.33549232692467
47.70224778344767, -122.33764225055108
47.70224778344767, -122.3397921741775
47.70224778344767, -122.34194209780392
47.70224778344767, -122.34409202143034
47.70224778344767, -122.34624194505676
47.70224778344767, -122.34839186868318
47.70224778344767, -122.3505417923096
47.70224778344767, -122.35269171593602
47.70224778344767, -122.35484163956244
47.70224778344767, -122.35699156318886
47.70224778344767, -122.35914148681528
47.70224778344767, -122.3612914104417
47.70224778344767, -122.36344133406811
47.70224778344767, -122.36559125769453
47.70224778344767, -122.36774118132095
47.70224778344767, -122.36989110494737
47.70224778344767, -122.37204102857379
47.70224778344767, -122.37419095220021
47.70224778344767, -122.37634087582663
47.70224778344767, -122.37849079945305
47.70224778344767, -122.38064072307947
47.70224778344767, -122.38279064670589
47.70224778344767, -122.3849405703323
47.70224778344767, -122.38709049395872
47.70224778344767, -122.38924041758514
47.70224778344767, -122.39139034121156
47.70224778344767, -122.39354026483798
47.70224778344767, -122.3956901884644
47.70224778344767, -122.39784011209082
47.70224778344767, -122.39999003571724
47.70224778344767, -122.40213995934366
47.70224778344767, -122.40428988297008
47.70224778344767, -122.4064398065965
47.70224778344767, -122.40858973022291
47.70224778344767, -122.41073965384933
47.70224778344767, -122.41288957747575
47.70224778344767, -122.41503950110217
47.70224778344767, -122.41718942472859
47.70224778344767, -122.41933934835501
47.70224778344767, -122.42148927198143
47.70224778344767, -122.42363919560785
47.70224778344767, -122.42578911923427
47.70224778344767, -122.42793904286069
47.70224778344767, -122.4300889664871
47.70224778344767, -122.43223889011352
47.70224778344767, -122.43438881373994
47.70224778344767, -122.43653873736636
47.70224778344767, -122.43868866099278
47.70224778344767, -122.4408385846192
47.70224778344767, -122.44298850824562
47.70224778344767, -122.44513843187204
47.70224778344767, -122.44728835549846
47.70224778344767, -122.44943827912488
47.70224778344767, -122.4515882027513
47.70224778344767, -122.45373812637771
47.70224778344767, -122.45588805000413
47.70224778344767, -122.45803797363055
47.70224778344767, -122.46018789725697
47.70224778344767, -122.46233782088339
47.70224778344767, -122.46448774450981
47.70224778344767, -122.46663766813623
47.70224778344767, -122.46878759176265
47.70224778344767, -122.47093751538907
47.70224778344767, -122.47308743901549
47.70224778344767, -122.4752373626419
47.70369464656669, -122.26239498329849
47.70369464656669, -122.26454496659699
47.70369464656669, -122.26669494989548
47.70369464656669, -122.26884493319398
47.70369464656669, -122.27099491649247
47.70369464656669, -122.27314489979096
47.70369464656669, -122.27529488308946
47.70369464656669, -122.27744486638795
47.70369464656669, -122.27959484968645
47.70369464656669, -122.28174483298494
47.70369464656669, -122.28389481628344
47.70369464656669, -122.28604479958193
47.70369464656669, -122.28819478288042
47.70369464656669, -122.29034476617892
47.70369464656669, -122.29249474947741
47.70369464656669, -122.29464473277591
47.70369464656669, -122.2967947160744
47.70369464656669, -122.2989446993729
47.70369464656669, -122.30109468267139
47.70369464656669, -122.30324466596988
47.70369464656669, -122.30539464926838
47.70369464656669, -122.30754463256687
47.70369464656669, -122.30969461586537
47.70369464656669, -122.31184459916386
47.70369464656669, -122.31399458246236
47.70369464656669, -122.31614456576085
47.70369464656669, -122.31829454905935
47.70369464656669, -122.32044453235784
47.70369464656669, -122.32259451565633
47.70369464656669, -122.32474449895483
47.70369464656669, -122.32689448225332
47.70369464656669, -122.32904446555182
47.70369464656669, -122.33119444885031
47.70369464656669, -122.3333444321488
47.70369464656669, -122.3354944154473
47.70369464656669, -122.3376443987458
47.70369464656669, -122.33979438204429
47.70369464656669, -122.34194436534278
47.70369464656669, -122.34409434864128
47.70369464656669, -122.34624433193977
47.70369464656669, -122.34839431523827
47.70369464656669, -122.35054429853676
47.70369464656669, -122.35269428183526
47.70369464656669, -122.35484426513375
47.70369464656669, -122.35699424843224
47.70369464656669, -122.35914423173074
47.70369464656669, -122.36129421502923
47.70369464656669, -122.36344419832773
47.70369464656669, -122.36559418162622
47.70369464656669, -122.36774416492472
47.70369464656669, -122.36989414822321
47.70369464656669, -122.3720441315217
47.70369464656669, -122.3741941148202
47.70369464656669, -122.3763440981187
47.70369464656669, -122.37849408141719
47.70369464656669, -122.38064406471568
47.70369464656669, -122.38279404801418
47.70369464656669, -122.38494403131267
47.70369464656669, -122.38709401461116
47.70369464656669, -122.38924399790966
47.70369464656669, -122.39139398120815
47.70369464656669, -122.39354396450665
47.70369464656669, -122.39569394780514
47.70369464656669, -122.39784393110364
47.70369464656669, -122.39999391440213
47.70369464656669, -122.40214389770063
47.70369464656669, -122.40429388099912
47.70369464656669, -122.40644386429761
47.70369464656669, -122.40859384759611
47.70369464656669, -122.4107438308946
47.70369464656669, -122.4128938141931
47.70369464656669, -122.41504379749159
47.70369464656669, -122.41719378079009
47.70369464656669, -122.41934376408858
47.70369464656669, -122.42149374738707
47.70369464656669, -122.42364373068557
47.70369464656669, -122.42579371398406
47.70369464656669, -122.42794369728256
47.70369464656669, -122.43009368058105
47.70369464656669, -122.43224366387955
47.70369464656669, -122.43439364717804
47.70369464656669, -122.43654363047654
47.70369464656669, -122.43869361377503
47.70369464656669, -122.44084359707352
47.70369464656669, -122.44299358037202
47.70369464656669, -122.44514356367051
47.70369464656669, -122.44729354696901
47.70369464656669, -122.4494435302675
47.70369464656669, -122.451593513566
47.70369464656669, -122.45374349686449
47.70369464656669, -122.45589348016298
47.70369464656669, -122.45804346346148
47.70369464656669, -122.46019344675997
47.70369464656669, -122.46234343005847
47.70369464656669, -122.46449341335696
47.70369464656669, -122.46664339665546
47.70369464656669, -122.46879337995395
47.70369464656669, -122.47094336325245
47.70369464656669, -122.47309334655094
47.70369464656669, -122.47524332984943
47.7051415096857, -122.26239504297526
47.7051415096857, -122.26454508595052
47.7051415096857, -122.26669512892578
47.7051415096857, -122.26884517190103
47.7051415096857, -122.2709952148763
47.7051415096857, -122.27314525785155
47.7051415096857, -122.27529530082681
47.7051415096857, -122.27744534380207
47.7051415096857, -122.27959538677733
47.7051415096857, -122.28174542975259
47.7051415096857, -122.28389547272785
47.7051415096857, -122.28604551570311
47.7051415096857, -122.28819555867837
47.7051415096857, -122.29034560165363
47.7051415096857, -122.29249564462889
47.7051415096857, -122.29464568760415
47.7051415096857, -122.2967957305794
47.7051415096857, -122.29894577355466
47.7051415096857, -122.30109581652992
47.7051415096857, -122.30324585950518
47.7051415096857, -122.30539590248044
47.7051415096857, -122.3075459454557
47.7051415096857, -122.30969598843096
47.7051415096857, -122.31184603140622
47.7051415096857, -122.31399607438148
47.7051415096857, -122.31614611735674
47.7051415096857, -122.318296160332
47.7051415096857, -122.32044620330726
47.7051415096857, -122.32259624628252
47.7051415096857, -122.32474628925777
47.7051415096857, -122.32689633223303
47.7051415096857, -122.32904637520829
47.7051415096857, -122.33119641818355
47.7051415096857, -122.33334646115881
47.7051415096857, -122.33549650413407
47.7051415096857, -122.33764654710933
47.7051415096857, -122.33979659008459
47.7051415096857, -122.34194663305985
47.7051415096857, -122.34409667603511
47.7051415096857, -122.34624671901037
47.7051415096857, -122.34839676198563
47.7051415096857, -122.35054680496089
47.7051415096857, -122.35269684793614
47.7051415096857, -122.3548468909114
47.7051415096857, -122.35699693388666
47.7051415096857, -122.35914697686192
47.7051415096857, -122.36129701983718
47.7051415096857, -122.36344706281244
47.7051415096857, -122.3655971057877
47.7051415096857, -122.36774714876296
47.7051415096857, -122.36989719173822
47.7051415096857, -122.37204723471348
47.7051415096857, -122.37419727768874
47.7051415096857, -122.376347320664
47.7051415096857, -122.37849736363926
47.7051415096857, -122.38064740661451
47.7051415096857, -122.38279744958977
47.7051415096857, -122.38494749256503
47.7051415096857, -122.38709753554029
47.7051415096857, -122.38924757851555
47.7051415096857, -122.39139762149081
47.7051415096857, -122.39354766446607
47.7051415096857, -122.39569770744133
47.7051415096857, -122.39784775041659
47.7051415096857, -122.39999779339185
47.7051415096857, -122.4021478363671
47.7051415096857, -122.40429787934237
47.7051415096857, -122.40644792231762
47.7051415096857, -122.40859796529288
47.7051415096857, -122.41074800826814
47.7051415096857, -122.4128980512434
47.7051415096857, -122.41504809421866
47.7051415096857, -122.41719813719392
47.7051415096857, -122.41934818016918
47.7051415096857, -122.42149822314444
47.7051415096857, -122.4236482661197
47.7051415096857, -122.42579830909496
47.7051415096857, -122.42794835207022
47.7051415096857, -122.43009839504548
47.7051415096857, -122.43224843802074
47.7051415096857, -122.434398480996
47.7051415096857, -122.43654852397125
47.7051415096857, -122.43869856694651
47.7051415096857, -122.44084860992177
47.7051415096857, -122.44299865289703
47.7051415096857, -122.44514869587229
47.7051415096857, -122.44729873884755
47.7051415096857, -122.44944878182281
47.7051415096857, -122.45159882479807
47.7051415096857, -122.45374886777333
47.7051415096857, -122.45589891074859
47.7051415096857, -122.45804895372385
47.7051415096857, -122.4601989966991
47.7051415096857, -122.46234903967436
47.7051415096857, -122.46449908264962
47.7051415096857, -122.46664912562488
47.7051415096857, -122.46879916860014
47.7051415096857, -122.4709492115754
47.7051415096857, -122.47309925455066
47.7051415096857, -122.47524929752592
47.706588372804724, -122.2623951026567
47.706588372804724, -122.2645452053134
47.706588372804724, -122.2666953079701
47.706588372804724, -122.2688454106268
47.706588372804724, -122.2709955132835
47.706588372804724, -122.2731456159402
47.706588372804724, -122.2752957185969
47.706588372804724, -122.2774458212536
47.706588372804724, -122.27959592391029
47.706588372804724, -122.28174602656699
47.706588372804724, -122.28389612922369
47.706588372804724, -122.28604623188039
47.706588372804724, -122.28819633453709
47.706588372804724, -122.29034643719379
47.706588372804724, -122.29249653985049
47.706588372804724, -122.29464664250719
47.706588372804724, -122.29679674516389
47.706588372804724, -122.29894684782059
47.706588372804724, -122.30109695047729
47.706588372804724, -122.30324705313399
47.706588372804724, -122.30539715579069
47.706588372804724, -122.30754725844739
47.706588372804724, -122.30969736110409
47.706588372804724, -122.31184746376078
47.706588372804724, -122.31399756641748
47.706588372804724, -122.31614766907418
47.706588372804724, -122.31829777173088
47.706588372804724, -122.32044787438758
47.706588372804724, -122.32259797704428
47.706588372804724, -122.32474807970098
47.706588372804724, -122.32689818235768
47.706588372804724, -122.32904828501438
47.706588372804724, -122.33119838767108
47.706588372804724, -122.33334849032778
47.706588372804724, -122.33549859298448
47.706588372804724, -122.33764869564118
47.706588372804724, -122.33979879829788
47.706588372804724, -122.34194890095458
47.706588372804724, -122.34409900361128
47.706588372804724, -122.34624910626798
47.706588372804724, -122.34839920892468
47.706588372804724, -122.35054931158137
47.706588372804724, -122.35269941423807
47.706588372804724, -122.35484951689477
47.706588372804724, -122.35699961955147
47.706588372804724, -122.35914972220817
47.706588372804724, -122.36129982486487
47.706588372804724, -122.36344992752157
47.706588372804724, -122.36560003017827
47.706588372804724, -122.36775013283497
47.706588372804724, -122.36990023549167
47.706588372804724, -122.37205033814837
47.706588372804724, -122.37420044080507
47.706588372804724, -122.37635054346177
47.706588372804724, -122.37850064611847
47.706588372804724, -122.38065074877517
47.706588372804724, -122.38280085143187
47.706588372804724, -122.38495095408857
47.706588372804724, -122.38710105674527
47.706588372804724, -122.38925115940197
47.706588372804724, -122.39140126205866
47.706588372804724, -122.39355136471536
47.706588372804724, -122.39570146737206
47.706588372804724, -122.39785157002876
47.706588372804724, -122.40000167268546
47.706588372804724, -122.40215177534216
47.706588372804724, -122.40430187799886
47.706588372804724, -122.40645198065556
47.706588372804724, -122.40860208331226
47.706588372804724, -122.41075218596896
47.706588372804724, -122.41290228862566
47.706588372804724, -122.41505239128236
47.706588372804724, -122.41720249393906
47.706588372804724, -122.41935259659576
47.706588372804724, -122.42150269925246
47.706588372804724, -122.42365280190916
47.706588372804724, -122.42580290456586
47.706588372804724, -122.42795300722256
47.706588372804724, -122.43010310987925
47.706588372804724, -122.43225321253595
47.706588372804724, -122.43440331519265
47.706588372804724, -122.43655341784935
47.706588372804724, -122.43870352050605
47.706588372804724, -122.44085362316275
47.706588372804724, -122.44300372581945
47.706588372804724, -122.44515382847615
47.706588372804724, -122.44730393113285
47.706588372804724, -122.44945403378955
47.706588372804724, -122.45160413644625
47.706588372804724, -122.45375423910295
47.706588372804724, -122.45590434175965
47.706588372804724, -122.45805444441635
47.706588372804724, -122.46020454707305
47.706588372804724, -122.46235464972975
47.706588372804724, -122.46450475238645
47.706588372804724, -122.46665485504315
47.706588372804724, -122.46880495769985
47.706588372804724, -122.47095506035654
47.706588372804724, -122.47310516301324
47.706588372804724, -122.47525526566994
47.70803523592374, -122.26239516234283
47.70803523592374, -122.26454532468566
47.70803523592374, -122.26669548702849
47.70803523592374, -122.26884564937131
47.70803523592374, -122.27099581171414
47.70803523592374, -122.27314597405697
47.70803523592374, -122.2752961363998
47.70803523592374, -122.27744629874263
47.70803523592374, -122.27959646108546
47.70803523592374, -122.28174662342829
47.70803523592374, -122.28389678577112
47.70803523592374, -122.28604694811395
47.70803523592374, -122.28819711045678
47.70803523592374, -122.29034727279961
47.70803523592374, -122.29249743514244
47.70803523592374, -122.29464759748527
47.70803523592374, -122.2967977598281
47.70803523592374, -122.29894792217092
47.70803523592374, -122.30109808451375
47.70803523592374, -122.30324824685658
47.70803523592374, -122.30539840919941
47.70803523592374, -122.30754857154224
47.70803523592374, -122.30969873388507
47.70803523592374, -122.3118488962279
47.70803523592374, -122.31399905857073
47.70803523592374, -122.31614922091356
47.70803523592374, -122.31829938325639
47.70803523592374, -122.32044954559922
47.70803523592374, -122.32259970794205
47.70803523592374, -122.32474987028488
47.70803523592374, -122.3269000326277
47.70803523592374, -122.32905019497053
47.70803523592374, -122.33120035731336
47.70803523592374, -122.3333505196562
47.70803523592374, -122.33550068199902
47.70803523592374, -122.33765084434185
47.70803523592374, -122.33980100668468
47.70803523592374, -122.34195116902751
47.70803523592374, -122.34410133137034
47.70803523592374, -122.34625149371317
47.70803523592374, -122.348401656056
47.70803523592374, -122.35055181839883
47.70803523592374, -122.35270198074166
47.70803523592374, -122.35485214308449
47.70803523592374, -122.35700230542732
47.70803523592374, -122.35915246777014
47.70803523592374, -122.36130263011297
47.70803523592374, -122.3634527924558
47.70803523592374, -122.36560295479863
47.70803523592374, -122.36775311714146
47.70803523592374, -122.36990327948429
47.70803523592374, -122.37205344182712
47.70803523592374, -122.37420360416995
47.70803523592374, -122.37635376651278
47.70803523592374, -122.37850392885561
47.70803523592374, -122.38065409119844
47.70803523592374, -122.38280425354127
47.70803523592374, -122.3849544158841
47.70803523592374, -122.38710457822692
47.70803523592374, -122.38925474056975
47.70803523592374, -122.39140490291258
47.70803523592374, -122.39355506525541
47.70803523592374, -122.39570522759824
47.70803523592374, -122.39785538994107
47.70803523592374, -122.4000055522839
47.70803523592374, -122.40215571462673
47.70803523592374, -122.40430587696956
47.70803523592374, -122.40645603931239
47.70803523592374, -122.40860620165522
47.70803523592374, -122.41075636399805
47.70803523592374, -122.41290652634088
47.70803523592374, -122.4150566886837
47.70803523592374, -122.41720685102653
47.70803523592374, -122.41935701336936
47.70803523592374, -122.4215071757122
47.70803523592374, -122.42365733805502
47.70803523592374, -122.42580750039785
47.70803523592374, -122.42795766274068
47.70803523592374, -122.43010782508351
47.70803523592374, -122.43225798742634
47.70803523592374, -122.43440814976917
47.70803523592374, -122.436558312112
47.70803523592374, -122.43870847445483
47.70803523592374, -122.44085863679766
47.70803523592374, -122.44300879914049
47.70803523592374, -122.44515896148332
47.70803523592374, -122.44730912382614
47.70803523592374, -122.44945928616897
47.70803523592374, -122.4516094485118
47.70803523592374, -122.45375961085463
47.70803523592374, -122.45590977319746
47.70803523592374, -122.45805993554029
47.70803523592374, -122.46021009788312
47.70803523592374, -122.46236026022595
47.70803523592374, -122.46451042256878
47.70803523592374, -122.46666058491161
47.70803523592374, -122.46881074725444
47.70803523592374, -122.47096090959727
47.70803523592374, -122.4731110719401
47.70803523592374, -122.47526123428293
47.70948209904276, -122.26239522203363
47.70948209904276, -122.26454544406727
47.70948209904276, -122.2666956661009
47.70948209904276, -122.26884588813454
47.70948209904276, -122.27099611016817
47.70948209904276, -122.2731463322018
47.70948209904276, -122.27529655423544
47.70948209904276, -122.27744677626907
47.70948209904276, -122.27959699830271
47.70948209904276, -122.28174722033634
47.70948209904276, -122.28389744236998
47.70948209904276, -122.28604766440361
47.70948209904276, -122.28819788643725
47.70948209904276, -122.29034810847088
47.70948209904276, -122.29249833050451
47.70948209904276, -122.29464855253815
47.70948209904276, -122.29679877457178
47.70948209904276, -122.29894899660542
47.70948209904276, -122.30109921863905
47.70948209904276, -122.30324944067269
47.70948209904276, -122.30539966270632
47.70948209904276, -122.30754988473996
47.70948209904276, -122.30970010677359
47.70948209904276, -122.31185032880722
47.70948209904276, -122.31400055084086
47.70948209904276, -122.3161507728745
47.70948209904276, -122.31830099490813
47.70948209904276, -122.32045121694176
47.70948209904276, -122.3226014389754
47.70948209904276, -122.32475166100903
47.70948209904276, -122.32690188304267
47.70948209904276, -122.3290521050763
47.70948209904276, -122.33120232710993
47.70948209904276, -122.33335254914357
47.70948209904276, -122.3355027711772
47.70948209904276, -122.33765299321084
47.70948209904276, -122.33980321524447
47.70948209904276, -122.34195343727811
47.70948209904276, -122.34410365931174
47.70948209904276, -122.34625388134538
47.70948209904276, -122.34840410337901
47.70948209904276, -122.35055432541265
47.70948209904276, -122.35270454744628
47.70948209904276, -122.35485476947991
47.70948209904276, -122.35700499151355
47.70948209904276, -122.35915521354718
47.70948209904276, -122.36130543558082
47.70948209904276, -122.36345565761445
47.70948209904276, -122.36560587964809
47.70948209904276, -122.36775610168172
47.70948209904276, -122.36990632371536
47.70948209904276, -122.37205654574899
47.70948209904276, -122.37420676778262
47.70948209904276, -122.37635698981626
47.70948209904276, -122.3785072118499
47.70948209904276, -122.38065743388353
47.70948209904276, -122.38280765591716
47.70948209904276, -122.3849578779508
47.70948209904276, -122.38710809998443
47.70948209904276, -122.38925832201807
47.70948209904276, -122.3914085440517
47.70948209904276, -122.39355876608533
47.70948209904276, -122.39570898811897
47.70948209904276, -122.3978592101526
47.70948209904276, -122.40000943218624
47.70948209904276, -122.40215965421987
47.70948209904276, -122.4043098762535
47.70948209904276, -122.40646009828714
47.70948209904276, -122.40861032032078
47.70948209904276, -122.41076054235441
47.70948209904276, -122.41291076438804
47.70948209904276, -122.41506098642168
47.70948209904276, -122.41721120845531
47.70948209904276, -122.41936143048895
47.70948209904276, -122.42151165252258
47.70948209904276, -122.42366187455622
47.70948209904276, -122.42581209658985
47.70948209904276, -122.42796231862349
47.70948209904276, -122.43011254065712
47.70948209904276, -122.43226276269075
47.70948209904276, -122.43441298472439
47.70948209904276, -122.43656320675802
47.70948209904276, -122.43871342879166
47.70948209904276, -122.44086365082529
47.70948209904276, -122.44301387285893
47.70948209904276, -122.44516409489256
47.70948209904276, -122.4473143169262
47.70948209904276, -122.44946453895983
47.70948209904276, -122.45161476099346
47.70948209904276, -122.4537649830271
47.70948209904276, -122.45591520506073
47.70948209904276, -122.45806542709437
47.70948209904276, -122.460215649128
47.70948209904276, -122.46236587116164
47.70948209904276, -122.46451609319527
47.70948209904276, -122.4666663152289
47.70948209904276, -122.46881653726254
47.70948209904276, -122.47096675929618
47.70948209904276, -122.47311698132981
47.70948209904276, -122.47526720336344
47.71092896216177, -122.26239528172913
47.71092896216177, -122.26454556345826
47.71092896216177, -122.26669584518739
47.71092896216177, -122.26884612691651
47.71092896216177, -122.27099640864564
47.71092896216177, -122.27314669037477
47.71092896216177, -122.2752969721039
47.71092896216177, -122.27744725383303
47.71092896216177, -122.27959753556216
47.71092896216177, -122.28174781729129
47.71092896216177, -122.28389809902042
47.71092896216177, -122.28604838074955
47.71092896216177, -122.28819866247868
47.71092896216177, -122.2903489442078
47.71092896216177, -122.29249922593694
47.71092896216177, -122.29464950766607
47.71092896216177, -122.2967997893952
47.71092896216177, -122.29895007112432
47.71092896216177, -122.30110035285345
47.71092896216177, -122.30325063458258
47.71092896216177, -122.30540091631171
47.71092896216177, -122.30755119804084
47.71092896216177, -122.30970147976997
47.71092896216177, -122.3118517614991
47.71092896216177, -122.31400204322823
47.71092896216177, -122.31615232495736
47.71092896216177, -122.31830260668649
47.71092896216177, -122.32045288841562
47.71092896216177, -122.32260317014475
47.71092896216177, -122.32475345187387
47.71092896216177, -122.326903733603
47.71092896216177, -122.32905401533213
47.71092896216177, -122.33120429706126
47.71092896216177, -122.33335457879039
47.71092896216177, -122.33550486051952
47.71092896216177, -122.33765514224865
47.71092896216177, -122.33980542397778
47.71092896216177, -122.34195570570691
47.71092896216177, -122.34410598743604
47.71092896216177, -122.34625626916517
47.71092896216177, -122.3484065508943
47.71092896216177, -122.35055683262343
47.71092896216177, -122.35270711435255
47.71092896216177, -122.35485739608168
47.71092896216177, -122.35700767781081
47.71092896216177, -122.35915795953994
47.71092896216177, -122.36130824126907
47.71092896216177, -122.3634585229982
47.71092896216177, -122.36560880472733
47.71092896216177, -122.36775908645646
47.71092896216177, -122.36990936818559
47.71092896216177, -122.37205964991472
47.71092896216177, -122.37420993164385
47.71092896216177, -122.37636021337298
47.71092896216177, -122.3785104951021
47.71092896216177, -122.38066077683123
47.71092896216177, -122.38281105856036
47.71092896216177, -122.3849613402895
47.71092896216177, -122.38711162201862
47.71092896216177, -122.38926190374775
47.71092896216177, -122.39141218547688
47.71092896216177, -122.39356246720601
47.71092896216177, -122.39571274893514
47.71092896216177, -122.39786303066427
47.71092896216177, -122.4000133123934
47.71092896216177, -122.40216359412253
47.71092896216177, -122.40431387585166
47.71092896216177, -122.40646415758079
47.71092896216177, -122.40861443930991
47.71092896216177, -122.41076472103904
47.71092896216177, -122.41291500276817
47.71092896216177, -122.4150652844973
47.71092896216177, -122.41721556622643
47.71092896216177, -122.41936584795556
47.71092896216177, -122.42151612968469
47.71092896216177, -122.42366641141382
47.71092896216177, -122.42581669314295
47.71092896216177, -122.42796697487208
47.71092896216177, -122.4301172566012
47.71092896216177, -122.43226753833034
47.71092896216177, -122.43441782005947
47.71092896216177, -122.4365681017886
47.71092896216177, -122.43871838351772
47.71092896216177, -122.44086866524685
47.71092896216177, -122.44301894697598
47.71092896216177, -122.44516922870511
47.71092896216177, -122.44731951043424
47.71092896216177, -122.44946979216337
47.71092896216177, -122.4516200738925
47.71092896216177, -122.45377035562163
47.71092896216177, -122.45592063735076
47.71092896216177, -122.45807091907989
47.71092896216177, -122.46022120080902
47.71092896216177, -122.46237148253815
47.71092896216177, -122.46452176426727
47.71092896216177, -122.4666720459964
47.71092896216177, -122.46882232772553
47.71092896216177, -122.47097260945466
47.71092896216177, -122.47312289118379
47.71092896216177, -122.47527317291292
47.71237582528079, -122.26239534142931
47.71237582528079, -122.26454568285862
47.71237582528079, -122.26669602428794
47.71237582528079, -122.26884636571725
47.71237582528079, -122.27099670714657
47.71237582528079, -122.27314704857588
47.71237582528079, -122.27529739000519
47.71237582528079, -122.2774477314345
47.71237582528079, -122.27959807286382
47.71237582528079, -122.28174841429313
47.71237582528079, -122.28389875572245
47.71237582528079, -122.28604909715176
47.71237582528079, -122.28819943858107
47.71237582528079, -122.29034978001039
47.71237582528079, -122.2925001214397
47.71237582528079, -122.29465046286901
47.71237582528079, -122.29680080429833
47.71237582528079, -122.29895114572764
47.71237582528079, -122.30110148715696
47.71237582528079, -122.30325182858627
47.71237582528079, -122.30540217001558
47.71237582528079, -122.3075525114449
47.71237582528079, -122.30970285287421
47.71237582528079, -122.31185319430352
47.71237582528079, -122.31400353573284
47.71237582528079, -122.31615387716215
47.71237582528079, -122.31830421859146
47.71237582528079, -122.32045456002078
47.71237582528079, -122.32260490145009
47.71237582528079, -122.3247552428794
47.71237582528079, -122.32690558430872
47.71237582528079, -122.32905592573803
47.71237582528079, -122.33120626716735
47.71237582528079, -122.33335660859666
47.71237582528079, -122.33550695002597
47.71237582528079, -122.33765729145529
47.71237582528079, -122.3398076328846
47.71237582528079, -122.34195797431391
47.71237582528079, -122.34410831574323
47.71237582528079, -122.34625865717254
47.71237582528079, -122.34840899860185
47.71237582528079, -122.35055934003117
47.71237582528079, -122.35270968146048
47.71237582528079, -122.3548600228898
47.71237582528079, -122.35701036431911
47.71237582528079, -122.35916070574842
47.71237582528079, -122.36131104717774
47.71237582528079, -122.36346138860705
47.71237582528079, -122.36561173003636
47.71237582528079, -122.36776207146568
47.71237582528079, -122.36991241289499
47.71237582528079, -122.3720627543243
47.71237582528079, -122.37421309575362
47.71237582528079, -122.37636343718293
47.71237582528079, -122.37851377861224
47.71237582528079, -122.38066412004156
47.71237582528079, -122.38281446147087
47.71237582528079, -122.38496480290019
47.71237582528079, -122.3871151443295
47.71237582528079, -122.38926548575881
47.71237582528079, -122.39141582718813
47.71237582528079, -122.39356616861744
47.71237582528079, -122.39571651004675
47.71237582528079, -122.39786685147607
47.71237582528079, -122.40001719290538
47.71237582528079, -122.4021675343347
47.71237582528079, -122.40431787576401
47.71237582528079, -122.40646821719332
47.71237582528079, -122.40861855862263
47.71237582528079, -122.41076890005195
47.71237582528079, -122.41291924148126
47.71237582528079, -122.41506958291058
47.71237582528079, -122.41721992433989
47.71237582528079, -122.4193702657692
47.71237582528079, -122.42152060719852
47.71237582528079, -122.42367094862783
47.71237582528079, -122.42582129005714
47.71237582528079, -122.42797163148646
47.71237582528079, -122.43012197291577
47.71237582528079, -122.43227231434508
47.71237582528079, -122.4344226557744
47.71237582528079, -122.43657299720371
47.71237582528079, -122.43872333863303
47.71237582528079, -122.44087368006234
47.71237582528079, -122.44302402149165
47.71237582528079, -122.44517436292097
47.71237582528079, -122.44732470435028
47.71237582528079, -122.4494750457796
47.71237582528079, -122.4516253872089
47.71237582528079, -122.45377572863822
47.71237582528079, -122.45592607006753
47.71237582528079, -122.45807641149685
47.71237582528079, -122.46022675292616
47.71237582528079, -122.46237709435547
47.71237582528079, -122.46452743578479
47.71237582528079, -122.4666777772141
47.71237582528079, -122.46882811864342
47.71237582528079, -122.47097846007273
47.71237582528079, -122.47312880150204
47.71237582528079, -122.47527914293136
47.71382268839981, -122.26239540113419
47.71382268839981, -122.26454580226837
47.71382268839981, -122.26669620340256
47.71382268839981, -122.26884660453675
47.71382268839981, -122.27099700567094
47.71382268839981, -122.27314740680512
47.71382268839981, -122.27529780793931
47.71382268839981, -122.2774482090735
47.71382268839981, -122.27959861020769
47.71382268839981, -122.28174901134187
47.71382268839981, -122.28389941247606
47.71382268839981, -122.28604981361025
47.71382268839981, -122.28820021474444
47.71382268839981, -122.29035061587862
47.71382268839981, -122.29250101701281
47.71382268839981, -122.294651418147
47.71382268839981, -122.29680181928119
47.71382268839981, -122.29895222041537
47.71382268839981, -122.30110262154956
47.71382268839981, -122.30325302268375
47.71382268839981, -122.30540342381794
47.71382268839981, -122.30755382495212
47.71382268839981, -122.30970422608631
47.71382268839981, -122.3118546272205
47.71382268839981, -122.31400502835469
47.71382268839981, -122.31615542948887
47.71382268839981, -122.31830583062306
47.71382268839981, -122.32045623175725
47.71382268839981, -122.32260663289144
47.71382268839981, -122.32475703402562
47.71382268839981, -122.32690743515981
47.71382268839981, -122.329057836294
47.71382268839981, -122.33120823742819
47.71382268839981, -122.33335863856237
47.71382268839981, -122.33550903969656
47.71382268839981, -122.33765944083075
47.71382268839981, -122.33980984196494
47.71382268839981, -122.34196024309912
47.71382268839981, -122.34411064423331
47.71382268839981, -122.3462610453675
47.71382268839981, -122.34841144650169
47.71382268839981, -122.35056184763587
47.71382268839981, -122.35271224877006
47.71382268839981, -122.35486264990425
47.71382268839981, -122.35701305103844
47.71382268839981, -122.35916345217262
47.71382268839981, -122.36131385330681
47.71382268839981, -122.363464254441
47.71382268839981, -122.36561465557519
47.71382268839981, -122.36776505670937
47.71382268839981, -122.36991545784356
47.71382268839981, -122.37206585897775
47.71382268839981, -122.37421626011194
47.71382268839981, -122.37636666124612
47.71382268839981, -122.37851706238031
47.71382268839981, -122.3806674635145
47.71382268839981, -122.38281786464869
47.71382268839981, -122.38496826578287
47.71382268839981, -122.38711866691706
47.71382268839981, -122.38926906805125
47.71382268839981, -122.39141946918544
47.71382268839981, -122.39356987031962
47.71382268839981, -122.39572027145381
47.71382268839981, -122.397870672588
47.71382268839981, -122.40002107372219
47.71382268839981, -122.40217147485637
47.71382268839981, -122.40432187599056
47.71382268839981, -122.40647227712475
47.71382268839981, -122.40862267825894
47.71382268839981, -122.41077307939312
47.71382268839981, -122.41292348052731
47.71382268839981, -122.4150738816615
47.71382268839981, -122.41722428279569
47.71382268839981, -122.41937468392987
47.71382268839981, -122.42152508506406
47.71382268839981, -122.42367548619825
47.71382268839981, -122.42582588733244
47.71382268839981, -122.42797628846662
47.71382268839981, -122.43012668960081
47.71382268839981, -122.432277090735
47.71382268839981, -122.43442749186919
47.71382268839981, -122.43657789300337
47.71382268839981, -122.43872829413756
47.71382268839981, -122.44087869527175
47.71382268839981, -122.44302909640594
47.71382268839981, -122.44517949754012
47.71382268839981, -122.44732989867431
47.71382268839981, -122.4494802998085
47.71382268839981, -122.45163070094269
47.71382268839981, -122.45378110207687
47.71382268839981, -122.45593150321106
47.71382268839981, -122.45808190434525
47.71382268839981, -122.46023230547944
47.71382268839981, -122.46238270661362
47.71382268839981, -122.46453310774781
47.71382268839981, -122.466683508882
47.71382268839981, -122.46883391001619
47.71382268839981, -122.47098431115037
47.71382268839981, -122.47313471228456
47.71382268839981, -122.47528511341875
47.71526955151882, -122.26239546084375
47.71526955151882, -122.2645459216875
47.71526955151882, -122.26669638253125
47.71526955151882, -122.268846843375
47.71526955151882, -122.27099730421875
47.71526955151882, -122.2731477650625
47.71526955151882, -122.27529822590625
47.71526955151882, -122.27744868675
47.71526955151882, -122.27959914759376
47.71526955151882, -122.28174960843751
47.71526955151882, -122.28390006928126
47.71526955151882, -122.28605053012501
47.71526955151882, -122.28820099096876
47.71526955151882, -122.29035145181251
47.71526955151882, -122.29250191265626
47.71526955151882, -122.29465237350001
47.71526955151882, -122.29680283434377
47.71526955151882, -122.29895329518752
47.71526955151882, -122.30110375603127
47.71526955151882, -122.30325421687502
47.71526955151882, -122.30540467771877
47.71526955151882, -122.30755513856252
47.71526955151882, -122.30970559940627
47.71526955151882, -122.31185606025002
47.71526955151882, -122.31400652109377
47.71526955151882, -122.31615698193752
47.71526955151882, -122.31830744278128
47.71526955151882, -122.32045790362503
47.71526955151882, -122.32260836446878
47.71526955151882, -122.32475882531253
47.71526955151882, -122.32690928615628
47.71526955151882, -122.32905974700003
47.71526955151882, -122.33121020784378
47.71526955151882, -122.33336066868753
47.71526955151882, -122.33551112953128
47.71526955151882, -122.33766159037503
47.71526955151882, -122.33981205121879
47.71526955151882, -122.34196251206254
47.71526955151882, -122.34411297290629
47.71526955151882, -122.34626343375004
47.71526955151882, -122.34841389459379
47.71526955151882, -122.35056435543754
47.71526955151882, -122.35271481628129
47.71526955151882, -122.35486527712504
47.71526955151882, -122.3570157379688
47.71526955151882, -122.35916619881255
47.71526955151882, -122.3613166596563
47.71526955151882, -122.36346712050005
47.71526955151882, -122.3656175813438
47.71526955151882, -122.36776804218755
47.71526955151882, -122.3699185030313
47.71526955151882, -122.37206896387505
47.71526955151882, -122.3742194247188
47.71526955151882, -122.37636988556255
47.71526955151882, -122.3785203464063
47.71526955151882, -122.38067080725006
47.71526955151882, -122.3828212680938
47.71526955151882, -122.38497172893756
47.71526955151882, -122.38712218978131
47.71526955151882, -122.38927265062506
47.71526955151882, -122.39142311146881
47.71526955151882, -122.39357357231256
47.71526955151882, -122.39572403315631
47.71526955151882, -122.39787449400006
47.71526955151882, -122.40002495484381
47.71526955151882, -122.40217541568757
47.71526955151882, -122.40432587653132
47.71526955151882, -122.40647633737507
47.71526955151882, -122.40862679821882
47.71526955151882, -122.41077725906257
47.71526955151882, -122.41292771990632
47.71526955151882, -122.41507818075007
47.71526955151882, -122.41722864159382
47.71526955151882, -122.41937910243757
47.71526955151882, -122.42152956328133
47.71526955151882, -122.42368002412508
47.71526955151882, -122.42583048496883
47.71526955151882, -122.42798094581258
47.71526955151882, -122.43013140665633
47.71526955151882, -122.43228186750008
47.71526955151882, -122.43443232834383
47.71526955151882, -122.43658278918758
47.71526955151882, -122.43873325003133
47.71526955151882, -122.44088371087508
47.71526955151882, -122.44303417171884
47.71526955151882, -122.44518463256259
47.71526955151882, -122.44733509340634
47.71526955151882, -122.44948555425009
47.71526955151882, -122.45163601509384
47.71526955151882, -122.45378647593759
47.71526955151882, -122.45593693678134
47.71526955151882, -122.45808739762509
47.71526955151882, -122.46023785846884
47.71526955151882, -122.4623883193126
47.71526955151882, -122.46453878015635
47.71526955151882, -122.4666892410001
47.71526955151882, -122.46883970184385
47.71526955151882, -122.4709901626876
47.71526955151882, -122.47314062353135
47.71526955151882, -122.4752910843751
47.716716414637844, -122.26239552055799
47.716716414637844, -122.26454604111598
47.716716414637844, -122.26669656167397
47.716716414637844, -122.26884708223196
47.716716414637844, -122.27099760278995
47.716716414637844, -122.27314812334794
47.716716414637844, -122.27529864390593
47.716716414637844, -122.27744916446392
47.716716414637844, -122.2795996850219
47.716716414637844, -122.2817502055799
47.716716414637844, -122.28390072613789
47.716716414637844, -122.28605124669588
47.716716414637844, -122.28820176725387
47.716716414637844, -122.29035228781186
47.716716414637844, -122.29250280836985
47.716716414637844, -122.29465332892784
47.716716414637844, -122.29680384948583
47.716716414637844, -122.29895437004382
47.716716414637844, -122.3011048906018
47.716716414637844, -122.3032554111598
47.716716414637844, -122.30540593171779
47.716716414637844, -122.30755645227578
47.716716414637844, -122.30970697283377
47.716716414637844, -122.31185749339176
47.716716414637844, -122.31400801394975
47.716716414637844, -122.31615853450774
47.716716414637844, -122.31830905506573
47.716716414637844, -122.32045957562372
47.716716414637844, -122.3226100961817
47.716716414637844, -122.3247606167397
47.716716414637844, -122.32691113729769
47.716716414637844, -122.32906165785568
47.716716414637844, -122.33121217841367
47.716716414637844, -122.33336269897165
47.716716414637844, -122.33551321952964
47.716716414637844, -122.33766374008763
47.716716414637844, -122.33981426064562
47.716716414637844, -122.34196478120361
47.716716414637844, -122.3441153017616
47.716716414637844, -122.3462658223196
47.716716414637844, -122.34841634287758
47.716716414637844, -122.35056686343557
47.716716414637844, -122.35271738399356
47.716716414637844, -122.35486790455155
47.716716414637844, -122.35701842510954
47.716716414637844, -122.35916894566753
47.716716414637844, -122.36131946622552
47.716716414637844, -122.36346998678351
47.716716414637844, -122.3656205073415
47.716716414637844, -122.3677710278995
47.716716414637844, -122.36992154845748
47.716716414637844, -122.37207206901547
47.716716414637844, -122.37422258957346
47.716716414637844, -122.37637311013145
47.716716414637844, -122.37852363068944
47.716716414637844, -122.38067415124743
47.716716414637844, -122.38282467180542
47.716716414637844, -122.38497519236341
47.716716414637844, -122.3871257129214
47.716716414637844, -122.38927623347939
47.716716414637844, -122.39142675403738
47.716716414637844, -122.39357727459537
47.716716414637844, -122.39572779515336
47.716716414637844, -122.39787831571135
47.716716414637844, -122.40002883626934
47.716716414637844, -122.40217935682733
47.716716414637844, -122.40432987738532
47.716716414637844, -122.40648039794331
47.716716414637844, -122.4086309185013
47.716716414637844, -122.41078143905929
47.716716414637844, -122.41293195961728
47.716716414637844, -122.41508248017527
47.716716414637844, -122.41723300073326
47.716716414637844, -122.41938352129125
47.716716414637844, -122.42153404184924
47.716716414637844, -122.42368456240723
47.716716414637844, -122.42583508296522
47.716716414637844, -122.42798560352321
47.716716414637844, -122.4301361240812
47.716716414637844, -122.43228664463919
47.716716414637844, -122.43443716519718
47.716716414637844, -122.43658768575517
47.716716414637844, -122.43873820631316
47.716716414637844, -122.44088872687115
47.716716414637844, -122.44303924742914
47.716716414637844, -122.44518976798713
47.716716414637844, -122.44734028854512
47.716716414637844, -122.44949080910311
47.716716414637844, -122.4516413296611
47.716716414637844, -122.45379185021909
47.716716414637844, -122.45594237077708
47.716716414637844, -122.45809289133507
47.716716414637844, -122.46024341189306
47.716716414637844, -122.46239393245105
47.716716414637844, -122.46454445300904
47.716716414637844, -122.46669497356703
47.716716414637844, -122.46884549412502
47.716716414637844, -122.47099601468301
47.716716414637844, -122.473146535241
47.716716414637844, -122.47529705579899
47.71816327775686, -122.26239558027692
47.71816327775686, -122.26454616055383
47.71816327775686, -122.26669674083075
47.71816327775686, -122.26884732110767
47.71816327775686, -122.27099790138459
47.71816327775686, -122.27314848166151
47.71816327775686, -122.27529906193843
47.71816327775686, -122.27744964221534
47.71816327775686, -122.27960022249226
47.71816327775686, -122.28175080276918
47.71816327775686, -122.2839013830461
47.71816327775686, -122.28605196332302
47.71816327775686, -122.28820254359994
47.71816327775686, -122.29035312387686
47.71816327775686, -122.29250370415377
47.71816327775686, -122.29465428443069
47.71816327775686, -122.29680486470761
47.71816327775686, -122.29895544498453
47.71816327775686, -122.30110602526145
47.71816327775686, -122.30325660553837
47.71816327775686, -122.30540718581528
47.71816327775686, -122.3075577660922
47.71816327775686, -122.30970834636912
47.71816327775686, -122.31185892664604
47.71816327775686, -122.31400950692296
47.71816327775686, -122.31616008719988
47.71816327775686, -122.3183106674768
47.71816327775686, -122.32046124775371
47.71816327775686, -122.32261182803063
47.71816327775686, -122.32476240830755
47.71816327775686, -122.32691298858447
47.71816327775686, -122.32906356886139
47.71816327775686, -122.3312141491383
47.71816327775686, -122.33336472941522
47.71816327775686, -122.33551530969214
47.71816327775686, -122.33766588996906
47.71816327775686, -122.33981647024598
47.71816327775686, -122.3419670505229
47.71816327775686, -122.34411763079981
47.71816327775686, -122.34626821107673
47.71816327775686, -122.34841879135365
47.71816327775686, -122.35056937163057
47.71816327775686, -122.35271995190749
47.71816327775686, -122.3548705321844
47.71816327775686, -122.35702111246133
47.71816327775686, -122.35917169273824
47.71816327775686, -122.36132227301516
47.71816327775686, -122.36347285329208
47.71816327775686, -122.365623433569
47.71816327775686, -122.36777401384592
47.71816327775686, -122.36992459412284
47.71816327775686, -122.37207517439975
47.71816327775686, -122.37422575467667
47.71816327775686, -122.37637633495359
47.71816327775686, -122.37852691523051
47.71816327775686, -122.38067749550743
47.71816327775686, -122.38282807578435
47.71816327775686, -122.38497865606126
47.71816327775686, -122.38712923633818
47.71816327775686, -122.3892798166151
47.71816327775686, -122.39143039689202
47.71816327775686, -122.39358097716894
47.71816327775686, -122.39573155744586
47.71816327775686, -122.39788213772277
47.71816327775686, -122.4000327179997
47.71816327775686, -122.40218329827661
47.71816327775686, -122.40433387855353
47.71816327775686, -122.40648445883045
47.71816327775686, -122.40863503910737
47.71816327775686, -122.41078561938428
47.71816327775686, -122.4129361996612
47.71816327775686, -122.41508677993812
47.71816327775686, -122.41723736021504
47.71816327775686, -122.41938794049196
47.71816327775686, -122.42153852076888
47.71816327775686, -122.4236891010458
47.71816327775686, -122.42583968132271
47.71816327775686, -122.42799026159963
47.71816327775686, -122.43014084187655
47.71816327775686, -122.43229142215347
47.71816327775686, -122.43444200243039
47.71816327775686, -122.4365925827073
47.71816327775686, -122.43874316298422
47.71816327775686, -122.44089374326114
47.71816327775686, -122.44304432353806
47.71816327775686, -122.44519490381498
47.71816327775686, -122.4473454840919
47.71816327775686, -122.44949606436882
47.71816327775686, -122.45164664464573
47.71816327775686, -122.45379722492265
47.71816327775686, -122.45594780519957
47.71816327775686, -122.45809838547649
47.71816327775686, -122.46024896575341
47.71816327775686, -122.46239954603033
47.71816327775686, -122.46455012630724
47.71816327775686, -122.46670070658416
47.71816327775686, -122.46885128686108
47.71816327775686, -122.471001867138
47.71816327775686, -122.47315244741492
47.71816327775686, -122.47530302769184
47.71961014087588, -122.26239564000055
47.71961014087588, -122.2645462800011
47.71961014087588, -122.26669692000165
47.71961014087588, -122.2688475600022
47.71961014087588, -122.27099820000275
47.71961014087588, -122.2731488400033
47.71961014087588, -122.27529948000385
47.71961014087588, -122.2774501200044
47.71961014087588, -122.27960076000495
47.71961014087588, -122.2817514000055
47.71961014087588, -122.28390204000605
47.71961014087588, -122.2860526800066
47.71961014087588, -122.28820332000716
47.71961014087588, -122.2903539600077
47.71961014087588, -122.29250460000826
47.71961014087588, -122.29465524000881
47.71961014087588, -122.29680588000936
47.71961014087588, -122.29895652000991
47.71961014087588, -122.30110716001046
47.71961014087588, -122.30325780001101
47.71961014087588, -122.30540844001156
47.71961014087588, -122.30755908001211
47.71961014087588, -122.30970972001266
47.71961014087588, -122.31186036001321
47.71961014087588, -122.31401100001376
47.71961014087588, -122.31616164001431
47.71961014087588, -122.31831228001487
47.71961014087588, -122.32046292001542
47.71961014087588, -122.32261356001597
47.71961014087588, -122.32476420001652
47.71961014087588, -122.32691484001707
47.71961014087588, -122.32906548001762
47.71961014087588, -122.33121612001817
47.71961014087588, -122.33336676001872
47.71961014087588, -122.33551740001927
47.71961014087588, -122.33766804001982
47.71961014087588, -122.33981868002037
47.71961014087588, -122.34196932002092
47.71961014087588, -122.34411996002147
47.71961014087588, -122.34627060002202
47.71961014087588, -122.34842124002257
47.71961014087588, -122.35057188002313
47.71961014087588, -122.35272252002368
47.71961014087588, -122.35487316002423
47.71961014087588, -122.35702380002478
47.71961014087588, -122.35917444002533
47.71961014087588, -122.36132508002588
47.71961014087588, -122.36347572002643
47.71961014087588, -122.36562636002698
47.71961014087588, -122.36777700002753
47.71961014087588, -122.36992764002808
47.71961014087588, -122.37207828002863
47.71961014087588, -122.37422892002918
47.71961014087588, -122.37637956002973
47.71961014087588, -122.37853020003028
47.71961014087588, -122.38068084003083
47.71961014087588, -122.38283148003138
47.71961014087588, -122.38498212003194
47.71961014087588, -122.38713276003249
47.71961014087588, -122.38928340003304
47.71961014087588, -122.39143404003359
47.71961014087588, -122.39358468003414
47.71961014087588, -122.39573532003469
47.71961014087588, -122.39788596003524
47.71961014087588, -122.40003660003579
47.71961014087588, -122.40218724003634
47.71961014087588, -122.40433788003689
47.71961014087588, -122.40648852003744
47.71961014087588, -122.40863916003799
47.71961014087588, -122.41078980003854
47.71961014087588, -122.4129404400391
47.71961014087588, -122.41509108003964
47.71961014087588, -122.4172417200402
47.71961014087588, -122.41939236004075
47.71961014087588, -122.4215430000413
47.71961014087588, -122.42369364004185
47.71961014087588, -122.4258442800424
47.71961014087588, -122.42799492004295
47.71961014087588, -122.4301455600435
47.71961014087588, -122.43229620004405
47.71961014087588, -122.4344468400446
47.71961014087588, -122.43659748004515
47.71961014087588, -122.4387481200457
47.71961014087588, -122.44089876004625
47.71961014087588, -122.4430494000468
47.71961014087588, -122.44520004004735
47.71961014087588, -122.4473506800479
47.71961014087588, -122.44950132004845
47.71961014087588, -122.451651960049
47.71961014087588, -122.45380260004956
47.71961014087588, -122.4559532400501
47.71961014087588, -122.45810388005066
47.71961014087588, -122.46025452005121
47.71961014087588, -122.46240516005176
47.71961014087588, -122.46455580005231
47.71961014087588, -122.46670644005286
47.71961014087588, -122.46885708005341
47.71961014087588, -122.47100772005396
47.71961014087588, -122.47315836005451
47.71961014087588, -122.47530900005506
47.72105700399489, -122.26239569972886
47.72105700399489, -122.26454639945771
47.72105700399489, -122.26669709918657
47.72105700399489, -122.26884779891543
47.72105700399489, -122.27099849864429
47.72105700399489, -122.27314919837315
47.72105700399489, -122.275299898102
47.72105700399489, -122.27745059783086
47.72105700399489, -122.27960129755972
47.72105700399489, -122.28175199728858
47.72105700399489, -122.28390269701744
47.72105700399489, -122.2860533967463
47.72105700399489, -122.28820409647516
47.72105700399489, -122.29035479620401
47.72105700399489, -122.29250549593287
47.72105700399489, -122.29465619566173
47.72105700399489, -122.29680689539059
47.72105700399489, -122.29895759511945
47.72105700399489, -122.3011082948483
47.72105700399489, -122.30325899457716
47.72105700399489, -122.30540969430602
47.72105700399489, -122.30756039403488
47.72105700399489, -122.30971109376374
47.72105700399489, -122.3118617934926
47.72105700399489, -122.31401249322145
47.72105700399489, -122.31616319295031
47.72105700399489, -122.31831389267917
47.72105700399489, -122.32046459240803
47.72105700399489, -122.32261529213689
47.72105700399489, -122.32476599186575
47.72105700399489, -122.3269166915946
47.72105700399489, -122.32906739132346
47.72105700399489, -122.33121809105232
47.72105700399489, -122.33336879078118
47.72105700399489, -122.33551949051004
47.72105700399489, -122.3376701902389
47.72105700399489, -122.33982088996775
47.72105700399489, -122.34197158969661
47.72105700399489, -122.34412228942547
47.72105700399489, -122.34627298915433
47.72105700399489, -122.34842368888319
47.72105700399489, -122.35057438861205
47.72105700399489, -122.3527250883409
47.72105700399489, -122.35487578806976
47.72105700399489, -122.35702648779862
47.72105700399489, -122.35917718752748
47.72105700399489, -122.36132788725634
47.72105700399489, -122.3634785869852
47.72105700399489, -122.36562928671405
47.72105700399489, -122.36777998644291
47.72105700399489, -122.36993068617177
47.72105700399489, -122.37208138590063
47.72105700399489, -122.37423208562949
47.72105700399489, -122.37638278535835
47.72105700399489, -122.3785334850872
47.72105700399489, -122.38068418481606
47.72105700399489, -122.38283488454492
47.72105700399489, -122.38498558427378
47.72105700399489, -122.38713628400264
47.72105700399489, -122.3892869837315
47.72105700399489, -122.39143768346035
47.72105700399489, -122.39358838318921
47.72105700399489, -122.39573908291807
47.72105700399489, -122.39788978264693
47.72105700399489, -122.40004048237579
47.72105700399489, -122.40219118210464
47.72105700399489, -122.4043418818335
47.72105700399489, -122.40649258156236
47.72105700399489, -122.40864328129122
47.72105700399489, -122.41079398102008
47.72105700399489, -122.41294468074894
47.72105700399489, -122.4150953804778
47.72105700399489, -122.41724608020665
47.72105700399489, -122.41939677993551
47.72105700399489, -122.42154747966437
47.72105700399489, -122.42369817939323
47.72105700399489, -122.42584887912209
47.72105700399489, -122.42799957885094
47.72105700399489, -122.4301502785798
47.72105700399489, -122.43230097830866
47.72105700399489, -122.43445167803752
47.72105700399489, -122.43660237776638
47.72105700399489, -122.43875307749524
47.72105700399489, -122.4409037772241
47.72105700399489, -122.44305447695295
47.72105700399489, -122.44520517668181
47.72105700399489, -122.44735587641067
47.72105700399489, -122.44950657613953
47.72105700399489, -122.45165727586838
47.72105700399489, -122.45380797559724
47.72105700399489, -122.4559586753261
47.72105700399489, -122.45810937505496
47.72105700399489, -122.46026007478382
47.72105700399489, -122.46241077451268
47.72105700399489, -122.46456147424153
47.72105700399489, -122.4667121739704
47.72105700399489, -122.46886287369925
47.72105700399489, -122.47101357342811
47.72105700399489, -122.47316427315697
47.72105700399489, -122.47531497288583
47.722503867113915, -122.26239575946185
47.722503867113915, -122.26454651892371
47.722503867113915, -122.26669727838556
47.722503867113915, -122.26884803784742
47.722503867113915, -122.27099879730928
47.722503867113915, -122.27314955677113
47.722503867113915, -122.27530031623299
47.722503867113915, -122.27745107569484
47.722503867113915, -122.2796018351567
47.722503867113915, -122.28175259461855
47.722503867113915, -122.28390335408041
47.722503867113915, -122.28605411354226
47.722503867113915, -122.28820487300412
47.722503867113915, -122.29035563246597
47.722503867113915, -122.29250639192783
47.722503867113915, -122.29465715138969
47.722503867113915, -122.29680791085154
47.722503867113915, -122.2989586703134
47.722503867113915, -122.30110942977525
47.722503867113915, -122.30326018923711
47.722503867113915, -122.30541094869896
47.722503867113915, -122.30756170816082
47.722503867113915, -122.30971246762267
47.722503867113915, -122.31186322708453
47.722503867113915, -122.31401398654639
47.722503867113915, -122.31616474600824
47.722503867113915, -122.3183155054701
47.722503867113915, -122.32046626493195
47.722503867113915, -122.32261702439381
47.722503867113915, -122.32476778385566
47.722503867113915, -122.32691854331752
47.722503867113915, -122.32906930277937
47.722503867113915, -122.33122006224123
47.722503867113915, -122.33337082170308
47.722503867113915, -122.33552158116494
47.722503867113915, -122.3376723406268
47.722503867113915, -122.33982310008865
47.722503867113915, -122.3419738595505
47.722503867113915, -122.34412461901236
47.722503867113915, -122.34627537847422
47.722503867113915, -122.34842613793607
47.722503867113915, -122.35057689739793
47.722503867113915, -122.35272765685978
47.722503867113915, -122.35487841632164
47.722503867113915, -122.3570291757835
47.722503867113915, -122.35917993524535
47.722503867113915, -122.3613306947072
47.722503867113915, -122.36348145416906
47.722503867113915, -122.36563221363092
47.722503867113915, -122.36778297309277
47.722503867113915, -122.36993373255463
47.722503867113915, -122.37208449201648
47.722503867113915, -122.37423525147834
47.722503867113915, -122.3763860109402
47.722503867113915, -122.37853677040205
47.722503867113915, -122.3806875298639
47.722503867113915, -122.38283828932576
47.722503867113915, -122.38498904878762
47.722503867113915, -122.38713980824947
47.722503867113915, -122.38929056771133
47.722503867113915, -122.39144132717318
47.722503867113915, -122.39359208663504
47.722503867113915, -122.3957428460969
47.722503867113915, -122.39789360555875
47.722503867113915, -122.4000443650206
47.722503867113915, -122.40219512448246
47.722503867113915, -122.40434588394432
47.722503867113915, -122.40649664340617
47.722503867113915, -122.40864740286803
47.722503867113915, -122.41079816232988
47.722503867113915, -122.41294892179174
47.722503867113915, -122.4150996812536
47.722503867113915, -122.41725044071545
47.722503867113915, -122.4194012001773
47.722503867113915, -122.42155195963916
47.722503867113915, -122.42370271910102
47.722503867113915, -122.42585347856287
47.722503867113915, -122.42800423802473
47.722503867113915, -122.43015499748658
47.722503867113915, -122.43230575694844
47.722503867113915, -122.4344565164103
47.722503867113915, -122.43660727587215
47.722503867113915, -122.438758035334
47.722503867113915, -122.44090879479586
47.722503867113915, -122.44305955425772
47.722503867113915, -122.44521031371957
47.722503867113915, -122.44736107318143
47.722503867113915, -122.44951183264328
47.722503867113915, -122.45166259210514
47.722503867113915, -122.45381335156699
47.722503867113915, -122.45596411102885
47.722503867113915, -122.4581148704907
47.722503867113915, -122.46026562995256
47.722503867113915, -122.46241638941441
47.722503867113915, -122.46456714887627
47.722503867113915, -122.46671790833813
47.722503867113915, -122.46886866779998
47.722503867113915, -122.47101942726184
47.722503867113915, -122.47317018672369
47.722503867113915, -122.47532094618555
47.72395073023293, -122.26239581919954
47.72395073023293, -122.26454663839908
47.72395073023293, -122.26669745759862
47.72395073023293, -122.26884827679817
47.72395073023293, -122.27099909599771
47.72395073023293, -122.27314991519725
47.72395073023293, -122.2753007343968
47.72395073023293, -122.27745155359634
47.72395073023293, -122.27960237279588
47.72395073023293, -122.28175319199542
47.72395073023293, -122.28390401119496
47.72395073023293, -122.2860548303945
47.72395073023293, -122.28820564959405
47.72395073023293, -122.29035646879359
47.72395073023293, -122.29250728799313
47.72395073023293, -122.29465810719267
47.72395073023293, -122.29680892639222
47.72395073023293, -122.29895974559176
47.72395073023293, -122.3011105647913
47.72395073023293, -122.30326138399084
47.72395073023293, -122.30541220319039
47.72395073023293, -122.30756302238993
47.72395073023293, -122.30971384158947
47.72395073023293, -122.31186466078901
47.72395073023293, -122.31401547998856
47.72395073023293, -122.3161662991881
47.72395073023293, -122.31831711838764
47.72395073023293, -122.32046793758718
47.72395073023293, -122.32261875678672
47.72395073023293, -122.32476957598627
47.72395073023293, -122.32692039518581
47.72395073023293, -122.32907121438535
47.72395073023293, -122.3312220335849
47.72395073023293, -122.33337285278444
47.72395073023293, -122.33552367198398
47.72395073023293, -122.33767449118352
47.72395073023293, -122.33982531038306
47.72395073023293, -122.3419761295826
47.72395073023293, -122.34412694878215
47.72395073023293, -122.34627776798169
47.72395073023293, -122.34842858718123
47.72395073023293, -122.35057940638077
47.72395073023293, -122.35273022558032
47.72395073023293, -122.35488104477986
47.72395073023293, -122.3570318639794
47.72395073023293, -122.35918268317894
47.72395073023293, -122.36133350237849
47.72395073023293, -122.36348432157803
47.72395073023293, -122.36563514077757
47.72395073023293, -122.36778595997711
47.72395073023293, -122.36993677917665
47.72395073023293, -122.3720875983762
47.72395073023293, -122.37423841757574
47.72395073023293, -122.37638923677528
47.72395073023293, -122.37854005597482
47.72395073023293, -122.38069087517437
47.72395073023293, -122.38284169437391
47.72395073023293, -122.38499251357345
47.72395073023293, -122.387143332773
47.72395073023293, -122.38929415197254
47.72395073023293, -122.39144497117208
47.72395073023293, -122.39359579037162
47.72395073023293, -122.39574660957116
47.72395073023293, -122.3978974287707
47.72395073023293, -122.40004824797025
47.72395073023293, -122.40219906716979
47.72395073023293, -122.40434988636933
47.72395073023293, -122.40650070556887
47.72395073023293, -122.40865152476842
47.72395073023293, -122.41080234396796
47.72395073023293, -122.4129531631675
47.72395073023293, -122.41510398236704
47.72395073023293, -122.41725480156659
47.72395073023293, -122.41940562076613
47.72395073023293, -122.42155643996567
47.72395073023293, -122.42370725916521
47.72395073023293, -122.42585807836475
47.72395073023293, -122.4280088975643
47.72395073023293, -122.43015971676384
47.72395073023293, -122.43231053596338
47.72395073023293, -122.43446135516292
47.72395073023293, -122.43661217436247
47.72395073023293, -122.43876299356201
47.72395073023293, -122.44091381276155
47.72395073023293, -122.4430646319611
47.72395073023293, -122.44521545116064
47.72395073023293, -122.44736627036018
47.72395073023293, -122.44951708955972
47.72395073023293, -122.45166790875926
47.72395073023293, -122.4538187279588
47.72395073023293, -122.45596954715835
47.72395073023293, -122.45812036635789
47.72395073023293, -122.46027118555743
47.72395073023293, -122.46242200475697
47.72395073023293, -122.46457282395652
47.72395073023293, -122.46672364315606
47.72395073023293, -122.4688744623556
47.72395073023293, -122.47102528155514
47.72395073023293, -122.47317610075469
47.72395073023293, -122.47532691995423
47.72539759335194, -122.26239587894192
47.72539759335194, -122.26454675788383
47.72539759335194, -122.26669763682575
47.72539759335194, -122.26884851576767
47.72539759335194, -122.27099939470959
47.72539759335194, -122.27315027365151
47.72539759335194, -122.27530115259343
47.72539759335194, -122.27745203153535
47.72539759335194, -122.27960291047727
47.72539759335194, -122.28175378941918
47.72539759335194, -122.2839046683611
47.72539759335194, -122.28605554730302
47.72539759335194, -122.28820642624494
47.72539759335194, -122.29035730518686
47.72539759335194, -122.29250818412878
47.72539759335194, -122.2946590630707
47.72539759335194, -122.29680994201262
47.72539759335194, -122.29896082095453
47.72539759335194, -122.30111169989645
47.72539759335194, -122.30326257883837
47.72539759335194, -122.30541345778029
47.72539759335194, -122.30756433672221
47.72539759335194, -122.30971521566413
47.72539759335194, -122.31186609460605
47.72539759335194, -122.31401697354796
47.72539759335194, -122.31616785248988
47.72539759335194, -122.3183187314318
47.72539759335194, -122.32046961037372
47.72539759335194, -122.32262048931564
47.72539759335194, -122.32477136825756
47.72539759335194, -122.32692224719948
47.72539759335194, -122.3290731261414
47.72539759335194, -122.33122400508331
47.72539759335194, -122.33337488402523
47.72539759335194, -122.33552576296715
47.72539759335194, -122.33767664190907
47.72539759335194, -122.33982752085099
47.72539759335194, -122.34197839979291
47.72539759335194, -122.34412927873483
47.72539759335194, -122.34628015767674
47.72539759335194, -122.34843103661866
47.72539759335194, -122.35058191556058
47.72539759335194, -122.3527327945025
47.72539759335194, -122.35488367344442
47.72539759335194, -122.35703455238634
47.72539759335194, -122.35918543132826
47.72539759335194, -122.36133631027018
47.72539759335194, -122.3634871892121
47.72539759335194, -122.36563806815401
47.72539759335194, -122.36778894709593
47.72539759335194, -122.36993982603785
47.72539759335194, -122.37209070497977
47.72539759335194, -122.37424158392169
47.72539759335194, -122.3763924628636
47.72539759335194, -122.37854334180552
47.72539759335194, -122.38069422074744
47.72539759335194, -122.38284509968936
47.72539759335194, -122.38499597863128
47.72539759335194, -122.3871468575732
47.72539759335194, -122.38929773651512
47.72539759335194, -122.39144861545704
47.72539759335194, -122.39359949439896
47.72539759335194, -122.39575037334087
47.72539759335194, -122.3979012522828
47.72539759335194, -122.40005213122471
47.72539759335194, -122.40220301016663
47.72539759335194, -122.40435388910855
47.72539759335194, -122.40650476805047
47.72539759335194, -122.40865564699239
47.72539759335194, -122.4108065259343
47.72539759335194, -122.41295740487622
47.72539759335194, -122.41510828381814
47.72539759335194, -122.41725916276006
47.72539759335194, -122.41941004170198
47.72539759335194, -122.4215609206439
47.72539759335194, -122.42371179958582
47.72539759335194, -122.42586267852774
47.72539759335194, -122.42801355746965
47.72539759335194, -122.43016443641157
47.72539759335194, -122.43231531535349
47.72539759335194, -122.43446619429541
47.72539759335194, -122.43661707323733
47.72539759335194, -122.43876795217925
47.72539759335194, -122.44091883112117
47.72539759335194, -122.44306971006309
47.72539759335194, -122.445220589005
47.72539759335194, -122.44737146794692
47.72539759335194, -122.44952234688884
47.72539759335194, -122.45167322583076
47.72539759335194, -122.45382410477268
47.72539759335194, -122.4559749837146
47.72539759335194, -122.45812586265652
47.72539759335194, -122.46027674159843
47.72539759335194, -122.46242762054035
47.72539759335194, -122.46457849948227
47.72539759335194, -122.46672937842419
47.72539759335194, -122.46888025736611
47.72539759335194, -122.47103113630803
47.72539759335194, -122.47318201524995
47.72539759335194, -122.47533289419187
47.726844456470964, -122.26239593868898
47.726844456470964, -122.26454687737797
47.726844456470964, -122.26669781606695
47.726844456470964, -122.26884875475594
47.726844456470964, -122.27099969344492
47.726844456470964, -122.2731506321339
47.726844456470964, -122.27530157082289
47.726844456470964, -122.27745250951187
47.726844456470964, -122.27960344820086
47.726844456470964, -122.28175438688984
47.726844456470964, -122.28390532557883
47.726844456470964, -122.28605626426781
47.726844456470964, -122.2882072029568
47.726844456470964, -122.29035814164578
47.726844456470964, -122.29250908033477
47.726844456470964, -122.29466001902375
47.726844456470964, -122.29681095771274
47.726844456470964, -122.29896189640172
47.726844456470964, -122.3011128350907
47.726844456470964, -122.30326377377969
47.726844456470964, -122.30541471246868
47.726844456470964, -122.30756565115766
47.726844456470964, -122.30971658984664
47.726844456470964, -122.31186752853563
47.726844456470964, -122.31401846722461
47.726844456470964, -122.3161694059136
47.726844456470964, -122.31832034460258
47.726844456470964, -122.32047128329157
47.726844456470964, -122.32262222198055
47.726844456470964, -122.32477316066954
47.726844456470964, -122.32692409935852
47.726844456470964, -122.3290750380475
47.726844456470964, -122.33122597673649
47.726844456470964, -122.33337691542548
47.726844456470964, -122.33552785411446
47.726844456470964, -122.33767879280344
47.726844456470964, -122.33982973149243
47.726844456470964, -122.34198067018141
47.726844456470964, -122.3441316088704
47.726844456470964, -122.34628254755938
47.726844456470964, -122.34843348624837
47.726844456470964, -122.35058442493735
47.726844456470964, -122.35273536362634
47.726844456470964, -122.35488630231532
47.726844456470964, -122.3570372410043
47.726844456470964, -122.35918817969329
47.726844456470964, -122.36133911838228
47.726844456470964, -122.36349005707126
47.726844456470964, -122.36564099576024
47.726844456470964, -122.36779193444923
47.726844456470964, -122.36994287313821
47.726844456470964, -122.3720938118272
47.726844456470964, -122.37424475051618
47.726844456470964, -122.37639568920517
47.726844456470964, -122.37854662789415
47.726844456470964, -122.38069756658314
47.726844456470964, -122.38284850527212
47.726844456470964, -122.3849994439611
47.726844456470964, -122.38715038265009
47.726844456470964, -122.38930132133908
47.726844456470964, -122.39145226002806
47.726844456470964, -122.39360319871705
47.726844456470964, -122.39575413740603
47.726844456470964, -122.39790507609501
47.726844456470964, -122.400056014784
47.726844456470964, -122.40220695347298
47.726844456470964, -122.40435789216197
47.726844456470964, -122.40650883085095
47.726844456470964, -122.40865976953994
47.726844456470964, -122.41081070822892
47.726844456470964, -122.4129616469179
47.726844456470964, -122.41511258560689
47.726844456470964, -122.41726352429588
47.726844456470964, -122.41941446298486
47.726844456470964, -122.42156540167385
47.726844456470964, -122.42371634036283
47.726844456470964, -122.42586727905181
47.726844456470964, -122.4280182177408
47.726844456470964, -122.43016915642978
47.726844456470964, -122.43232009511877
47.726844456470964, -122.43447103380775
47.726844456470964, -122.43662197249674
47.726844456470964, -122.43877291118572
47.726844456470964, -122.44092384987471
47.726844456470964, -122.44307478856369
47.726844456470964, -122.44522572725268
47.726844456470964, -122.44737666594166
47.726844456470964, -122.44952760463065
47.726844456470964, -122.45167854331963
47.726844456470964, -122.45382948200862
47.726844456470964, -122.4559804206976
47.726844456470964, -122.45813135938658
47.726844456470964, -122.46028229807557
47.726844456470964, -122.46243323676455
47.726844456470964, -122.46458417545354
47.726844456470964, -122.46673511414252
47.726844456470964, -122.46888605283151
47.726844456470964, -122.47103699152049
47.726844456470964, -122.47318793020948
47.726844456470964, -122.47533886889846
47.72829131958998, -122.26239599844075
47.72829131958998, -122.2645469968815
47.72829131958998, -122.26669799532226
47.72829131958998, -122.26884899376302
47.72829131958998, -122.27099999220377
47.72829131958998, -122.27315099064452
47.72829131958998, -122.27530198908528
47.72829131958998, -122.27745298752603
47.72829131958998, -122.27960398596679
47.72829131958998, -122.28175498440754
47.72829131958998, -122.2839059828483
47.72829131958998, -122.28605698128905
47.72829131958998, -122.2882079797298
47.72829131958998, -122.29035897817056
47.72829131958998, -122.29250997661131
47.72829131958998, -122.29466097505207
47.72829131958998, -122.29681197349282
47.72829131958998, -122.29896297193358
47.72829131958998, -122.30111397037433
47.72829131958998, -122.30326496881509
47.72829131958998, -122.30541596725584
47.72829131958998, -122.3075669656966
47.72829131958998, -122.30971796413735
47.72829131958998, -122.3118689625781
47.72829131958998, -122.31401996101886
47.72829131958998, -122.31617095945961
47.72829131958998, -122.31832195790037
47.72829131958998, -122.32047295634112
47.72829131958998, -122.32262395478187
47.72829131958998, -122.32477495322263
47.72829131958998, -122.32692595166338
47.72829131958998, -122.32907695010414
47.72829131958998, -122.33122794854489
47.72829131958998, -122.33337894698565
47.72829131958998, -122.3355299454264
47.72829131958998, -122.33768094386716
47.72829131958998, -122.33983194230791
47.72829131958998, -122.34198294074866
47.72829131958998, -122.34413393918942
47.72829131958998, -122.34628493763017
47.72829131958998, -122.34843593607093
47.72829131958998, -122.35058693451168
47.72829131958998, -122.35273793295244
47.72829131958998, -122.35488893139319
47.72829131958998, -122.35703992983395
47.72829131958998, -122.3591909282747
47.72829131958998, -122.36134192671545
47.72829131958998, -122.36349292515621
47.72829131958998, -122.36564392359696
47.72829131958998, -122.36779492203772
47.72829131958998, -122.36994592047847
47.72829131958998, -122.37209691891923
47.72829131958998, -122.37424791735998
47.72829131958998, -122.37639891580073
47.72829131958998, -122.37854991424149
47.72829131958998, -122.38070091268224
47.72829131958998, -122.382851911123
47.72829131958998, -122.38500290956375
47.72829131958998, -122.3871539080045
47.72829131958998, -122.38930490644526
47.72829131958998, -122.39145590488602
47.72829131958998, -122.39360690332677
47.72829131958998, -122.39575790176752
47.72829131958998, -122.39790890020828
47.72829131958998, -122.40005989864903
47.72829131958998, -122.40221089708979
47.72829131958998, -122.40436189553054
47.72829131958998, -122.4065128939713
47.72829131958998, -122.40866389241205
47.72829131958998, -122.4108148908528
47.72829131958998, -122.41296588929356
47.72829131958998, -122.41511688773431
47.72829131958998, -122.41726788617507
47.72829131958998, -122.41941888461582
47.72829131958998, -122.42156988305658
47.72829131958998, -122.42372088149733
47.72829131958998, -122.42587187993809
47.72829131958998, -122.42802287837884
47.72829131958998, -122.4301738768196
47.72829131958998, -122.43232487526035
47.72829131958998, -122.4344758737011
47.72829131958998, -122.43662687214186
47.72829131958998, -122.43877787058261
47.72829131958998, -122.44092886902337
47.72829131958998, -122.44307986746412
47.72829131958998, -122.44523086590488
47.72829131958998, -122.44738186434563
47.72829131958998, -122.44953286278638
47.72829131958998, -122.45168386122714
47.72829131958998, -122.4538348596679
47.72829131958998, -122.45598585810865
47.72829131958998, -122.4581368565494
47.72829131958998, -122.46028785499016
47.72829131958998, -122.46243885343091
47.72829131958998, -122.46458985187166
47.72829131958998, -122.46674085031242
47.72829131958998, -122.46889184875317
47.72829131958998, -122.47104284719393
47.72829131958998, -122.47319384563468
47.72829131958998, -122.47534484407544
47.729738182709, -122.2623960581972
47.729738182709, -122.2645471163944
47.729738182709, -122.2666981745916
47.729738182709, -122.2688492327888
47.729738182709, -122.271000290986
47.729738182709, -122.2731513491832
47.729738182709, -122.2753024073804
47.729738182709, -122.2774534655776
47.729738182709, -122.2796045237748
47.729738182709, -122.28175558197199
47.729738182709, -122.28390664016919
47.729738182709, -122.28605769836639
47.729738182709, -122.28820875656359
47.729738182709, -122.29035981476079
47.729738182709, -122.29251087295799
47.729738182709, -122.29466193115519
47.729738182709, -122.29681298935239
47.729738182709, -122.29896404754959
47.729738182709, -122.30111510574679
47.729738182709, -122.30326616394399
47.729738182709, -122.30541722214119
47.729738182709, -122.30756828033839
47.729738182709, -122.30971933853559
47.729738182709, -122.31187039673279
47.729738182709, -122.31402145492999
47.729738182709, -122.31617251312719
47.729738182709, -122.31832357132438
47.729738182709, -122.32047462952158
47.729738182709, -122.32262568771878
47.729738182709, -122.32477674591598
47.729738182709, -122.32692780411318
47.729738182709, -122.32907886231038
47.729738182709, -122.33122992050758
47.729738182709, -122.33338097870478
47.729738182709, -122.33553203690198
47.729738182709, -122.33768309509918
47.729738182709, -122.33983415329638
47.729738182709, -122.34198521149358
47.729738182709, -122.34413626969078
47.729738182709, -122.34628732788798
47.729738182709, -122.34843838608518
47.729738182709, -122.35058944428238
47.729738182709, -122.35274050247958
47.729738182709, -122.35489156067678
47.729738182709, -122.35704261887398
47.729738182709, -122.35919367707118
47.729738182709, -122.36134473526837
47.729738182709, -122.36349579346557
47.729738182709, -122.36564685166277
47.729738182709, -122.36779790985997
47.729738182709, -122.36994896805717
47.729738182709, -122.37210002625437
47.729738182709, -122.37425108445157
47.729738182709, -122.37640214264877
47.729738182709, -122.37855320084597
47.729738182709, -122.38070425904317
47.729738182709, -122.38285531724037
47.729738182709, -122.38500637543757
47.729738182709, -122.38715743363477
47.729738182709, -122.38930849183197
47.729738182709, -122.39145955002917
47.729738182709, -122.39361060822637
47.729738182709, -122.39576166642357
47.729738182709, -122.39791272462077
47.729738182709, -122.40006378281797
47.729738182709, -122.40221484101517
47.729738182709, -122.40436589921237
47.729738182709, -122.40651695740956
47.729738182709, -122.40866801560676
47.729738182709, -122.41081907380396
47.729738182709, -122.41297013200116
47.729738182709, -122.41512119019836
47.729738182709, -122.41727224839556
47.729738182709, -122.41942330659276
47.729738182709, -122.42157436478996
47.729738182709, -122.42372542298716
47.729738182709, -122.42587648118436
47.729738182709, -122.42802753938156
47.729738182709, -122.43017859757876
47.729738182709, -122.43232965577596
47.729738182709, -122.43448071397316
47.729738182709, -122.43663177217036
47.729738182709, -122.43878283036756
47.729738182709, -122.44093388856476
47.729738182709, -122.44308494676196
47.729738182709, -122.44523600495916
47.729738182709, -122.44738706315636
47.729738182709, -122.44953812135356
47.729738182709, -122.45168917955075
47.729738182709, -122.45384023774795
47.729738182709, -122.45599129594515
47.729738182709, -122.45814235414235
47.729738182709, -122.46029341233955
47.729738182709, -122.46244447053675
47.729738182709, -122.46459552873395
47.729738182709, -122.46674658693115
47.729738182709, -122.46889764512835
47.729738182709, -122.47104870332555
47.729738182709, -122.47319976152275
47.729738182709, -122.47535081971995
47.73118504582801, -122.26239611795835
47.73118504582801, -122.2645472359167
47.73118504582801, -122.26669835387504
47.73118504582801, -122.26884947183339
47.73118504582801, -122.27100058979174
47.73118504582801, -122.27315170775009
47.73118504582801, -122.27530282570844
47.73118504582801, -122.27745394366679
47.73118504582801, -122.27960506162513
47.73118504582801, -122.28175617958348
47.73118504582801, -122.28390729754183
47.73118504582801, -122.28605841550018
47.73118504582801, -122.28820953345853
47.73118504582801, -122.29036065141688
47.73118504582801, -122.29251176937522
47.73118504582801, -122.29466288733357
47.73118504582801, -122.29681400529192
47.73118504582801, -122.29896512325027
47.73118504582801, -122.30111624120862
47.73118504582801, -122.30326735916697
47.73118504582801, -122.30541847712531
47.73118504582801, -122.30756959508366
47.73118504582801, -122.30972071304201
47.73118504582801, -122.31187183100036
47.73118504582801, -122.31402294895871
47.73118504582801, -122.31617406691706
47.73118504582801, -122.3183251848754
47.73118504582801, -122.32047630283375
47.73118504582801, -122.3226274207921
47.73118504582801, -122.32477853875045
47.73118504582801, -122.3269296567088
47.73118504582801, -122.32908077466715
47.73118504582801, -122.3312318926255
47.73118504582801, -122.33338301058384
47.73118504582801, -122.33553412854219
47.73118504582801, -122.33768524650054
47.73118504582801, -122.33983636445889
47.73118504582801, -122.34198748241724
47.73118504582801, -122.34413860037559
47.73118504582801, -122.34628971833394
47.73118504582801, -122.34844083629228
47.73118504582801, -122.35059195425063
47.73118504582801, -122.35274307220898
47.73118504582801, -122.35489419016733
47.73118504582801, -122.35704530812568
47.73118504582801, -122.35919642608403
47.73118504582801, -122.36134754404237
47.73118504582801, -122.36349866200072
47.73118504582801, -122.36564977995907
47.73118504582801, -122.36780089791742
47.73118504582801, -122.36995201587577
47.73118504582801, -122.37210313383412
47.73118504582801, -122.37425425179246
47.73118504582801, -122.37640536975081
47.73118504582801, -122.37855648770916
47.73118504582801, -122.38070760566751
47.73118504582801, -122.38285872362586
47.73118504582801, -122.3850098415842
47.73118504582801, -122.38716095954256
47.73118504582801, -122.3893120775009
47.73118504582801, -122.39146319545925
47.73118504582801, -122.3936143134176
47.73118504582801, -122.39576543137595
47.73118504582801, -122.3979165493343
47.73118504582801, -122.40006766729265
47.73118504582801, -122.402218785251
47.73118504582801, -122.40436990320934
47.73118504582801, -122.40652102116769
47.73118504582801, -122.40867213912604
47.73118504582801, -122.41082325708439
47.73118504582801, -122.41297437504274
47.73118504582801, -122.41512549300109
47.73118504582801, -122.41727661095943
47.73118504582801, -122.41942772891778
47.73118504582801, -122.42157884687613
47.73118504582801, -122.42372996483448
47.73118504582801, -122.42588108279283
47.73118504582801, -122.42803220075118
47.73118504582801, -122.43018331870952
47.73118504582801, -122.43233443666787
47.73118504582801, -122.43448555462622
47.73118504582801, -122.43663667258457
47.73118504582801, -122.43878779054292
47.73118504582801, -122.44093890850127
47.73118504582801, -122.44309002645961
47.73118504582801, -122.44524114441796
47.73118504582801, -122.44739226237631
47.73118504582801, -122.44954338033466
47.73118504582801, -122.45169449829301
47.73118504582801, -122.45384561625136
47.73118504582801, -122.4559967342097
47.73118504582801, -122.45814785216805
47.73118504582801, -122.4602989701264
47.73118504582801, -122.46245008808475
47.73118504582801, -122.4646012060431
47.73118504582801, -122.46675232400145
47.73118504582801, -122.4689034419598
47.73118504582801, -122.47105455991814
47.73118504582801, -122.47320567787649
47.73118504582801, -122.47535679583484
47.732631908947035, -122.26239617772418
47.732631908947035, -122.26454735544837
47.732631908947035, -122.26669853317256
47.732631908947035, -122.26884971089675
47.732631908947035, -122.27100088862093
47.732631908947035, -122.27315206634512
47.732631908947035, -122.2753032440693
47.732631908947035, -122.2774544217935
47.732631908947035, -122.27960559951768
47.732631908947035, -122.28175677724187
47.732631908947035, -122.28390795496605
47.732631908947035, -122.28605913269024
47.732631908947035, -122.28821031041443
47.732631908947035, -122.29036148813861
47.732631908947035, -122.2925126658628
47.732631908947035, -122.29466384358699
47.732631908947035, -122.29681502131118
47.732631908947035, -122.29896619903536
47.732631908947035, -122.30111737675955
47.732631908947035, -122.30326855448374
47.732631908947035, -122.30541973220792
47.732631908947035, -122.30757090993211
47.732631908947035, -122.3097220876563
47.732631908947035, -122.31187326538048
47.732631908947035, -122.31402444310467
47.732631908947035, -122.31617562082886
47.732631908947035, -122.31832679855304
47.732631908947035, -122.32047797627723
47.732631908947035, -122.32262915400142
47.732631908947035, -122.3247803317256
47.732631908947035, -122.32693150944979
47.732631908947035, -122.32908268717398
47.732631908947035, -122.33123386489817
47.732631908947035, -122.33338504262235
47.732631908947035, -122.33553622034654
47.732631908947035, -122.33768739807073
47.732631908947035, -122.33983857579491
47.732631908947035, -122.3419897535191
47.732631908947035, -122.34414093124329
47.732631908947035, -122.34629210896748
47.732631908947035, -122.34844328669166
47.732631908947035, -122.35059446441585
47.732631908947035, -122.35274564214004
47.732631908947035, -122.35489681986422
47.732631908947035, -122.35704799758841
47.732631908947035, -122.3591991753126
47.732631908947035, -122.36135035303678
47.732631908947035, -122.36350153076097
47.732631908947035, -122.36565270848516
47.732631908947035, -122.36780388620934
47.732631908947035, -122.36995506393353
47.732631908947035, -122.37210624165772
47.732631908947035, -122.3742574193819
47.732631908947035, -122.37640859710609
47.732631908947035, -122.37855977483028
47.732631908947035, -122.38071095255447
47.732631908947035, -122.38286213027865
47.732631908947035, -122.38501330800284
47.732631908947035, -122.38716448572703
47.732631908947035, -122.38931566345121
47.732631908947035, -122.3914668411754
47.732631908947035, -122.39361801889959
47.732631908947035, -122.39576919662377
47.732631908947035, -122.39792037434796
47.732631908947035, -122.40007155207215
47.732631908947035, -122.40222272979634
47.732631908947035, -122.40437390752052
47.732631908947035, -122.40652508524471
47.732631908947035, -122.4086762629689
47.732631908947035, -122.41082744069308
47.732631908947035, -122.41297861841727
47.732631908947035, -122.41512979614146
47.732631908947035, -122.41728097386564
47.732631908947035, -122.41943215158983
47.732631908947035, -122.42158332931402
47.732631908947035, -122.4237345070382
47.732631908947035, -122.42588568476239
47.732631908947035, -122.42803686248658
47.732631908947035, -122.43018804021077
47.732631908947035, -122.43233921793495
47.732631908947035, -122.43449039565914
47.732631908947035, -122.43664157338333
47.732631908947035, -122.43879275110751
47.732631908947035, -122.4409439288317
47.732631908947035, -122.44309510655589
47.732631908947035, -122.44524628428007
47.732631908947035, -122.44739746200426
47.732631908947035, -122.44954863972845
47.732631908947035, -122.45169981745263
47.732631908947035, -122.45385099517682
47.732631908947035, -122.45600217290101
47.732631908947035, -122.4581533506252
47.732631908947035, -122.46030452834938
47.732631908947035, -122.46245570607357
47.732631908947035, -122.46460688379776
47.732631908947035, -122.46675806152194
47.732631908947035, -122.46890923924613
47.732631908947035, -122.47106041697032
47.732631908947035, -122.4732115946945
47.732631908947035, -122.47536277241869
47.73407877206605, -122.26239623749471
47.73407877206605, -122.26454747498943
47.73407877206605, -122.26669871248414
47.73407877206605, -122.26884994997886
47.73407877206605, -122.27100118747357
47.73407877206605, -122.27315242496829
47.73407877206605, -122.275303662463
47.73407877206605, -122.27745489995772
47.73407877206605, -122.27960613745243
47.73407877206605, -122.28175737494715
47.73407877206605, -122.28390861244186
47.73407877206605, -122.28605984993658
47.73407877206605, -122.28821108743129
47.73407877206605, -122.29036232492601
47.73407877206605, -122.29251356242072
47.73407877206605, -122.29466479991544
47.73407877206605, -122.29681603741015
47.73407877206605, -122.29896727490487
47.73407877206605, -122.30111851239958
47.73407877206605, -122.3032697498943
47.73407877206605, -122.30542098738901
47.73407877206605, -122.30757222488373
47.73407877206605, -122.30972346237844
47.73407877206605, -122.31187469987316
47.73407877206605, -122.31402593736787
47.73407877206605, -122.31617717486259
47.73407877206605, -122.3183284123573
47.73407877206605, -122.32047964985202
47.73407877206605, -122.32263088734673
47.73407877206605, -122.32478212484145
47.73407877206605, -122.32693336233616
47.73407877206605, -122.32908459983088
47.73407877206605, -122.3312358373256
47.73407877206605, -122.33338707482031
47.73407877206605, -122.33553831231502
47.73407877206605, -122.33768954980974
47.73407877206605, -122.33984078730445
47.73407877206605, -122.34199202479917
47.73407877206605, -122.34414326229388
47.73407877206605, -122.3462944997886
47.73407877206605, -122.34844573728331
47.73407877206605, -122.35059697477803
47.73407877206605, -122.35274821227274
47.73407877206605, -122.35489944976746
47.73407877206605, -122.35705068726217
47.73407877206605, -122.35920192475689
47.73407877206605, -122.3613531622516
47.73407877206605, -122.36350439974632
47.73407877206605, -122.36565563724103
47.73407877206605, -122.36780687473575
47.73407877206605, -122.36995811223046
47.73407877206605, -122.37210934972518
47.73407877206605, -122.3742605872199
47.73407877206605, -122.37641182471461
47.73407877206605, -122.37856306220932
47.73407877206605, -122.38071429970404
47.73407877206605, -122.38286553719875
47.73407877206605, -122.38501677469347
47.73407877206605, -122.38716801218818
47.73407877206605, -122.3893192496829
47.73407877206605, -122.39147048717761
47.73407877206605, -122.39362172467233
47.73407877206605, -122.39577296216704
47.73407877206605, -122.39792419966176
47.73407877206605, -122.40007543715647
47.73407877206605, -122.40222667465119
47.73407877206605, -122.4043779121459
47.73407877206605, -122.40652914964062
47.73407877206605, -122.40868038713533
47.73407877206605, -122.41083162463005
47.73407877206605, -122.41298286212476
47.73407877206605, -122.41513409961948
47.73407877206605, -122.4172853371142
47.73407877206605, -122.41943657460891
47.73407877206605, -122.42158781210362
47.73407877206605, -122.42373904959834
47.73407877206605, -122.42589028709305
47.73407877206605, -122.42804152458777
47.73407877206605, -122.43019276208248
47.73407877206605, -122.4323439995772
47.73407877206605, -122.43449523707191
47.73407877206605, -122.43664647456663
47.73407877206605, -122.43879771206134
47.73407877206605, -122.44094894955606
47.73407877206605, -122.44310018705077
47.73407877206605, -122.44525142454549
47.73407877206605, -122.4474026620402
47.73407877206605, -122.44955389953492
47.73407877206605, -122.45170513702963
47.73407877206605, -122.45385637452435
47.73407877206605, -122.45600761201906
47.73407877206605, -122.45815884951378
47.73407877206605, -122.4603100870085
47.73407877206605, -122.46246132450321
47.73407877206605, -122.46461256199792
47.73407877206605, -122.46676379949264
47.73407877206605, -122.46891503698735
47.73407877206605, -122.47106627448207
47.73407877206605, -122.47321751197678
47.73407877206605, -122.4753687494715
